275 
     1   900     0
     2   -33  -770
     3    47  -769
     4  -115  -762
     5   128  -761
     6   206  -743
     7  -264  -724
     8   283  -717
     9  -339  -692
    10   -14  -688
    11    67  -685
    12   356  -683
    13   -94  -682
    14   146  -673
    15  -409  -653
    16   223  -651
    17  -243  -644
    18   427  -642
    19   297  -622
    20  -316  -611
    21  -475  -605
    22     6  -606
    23   -74  -602
    24    86  -600
    25   491  -593
    26   163  -584
    27   368  -582
    28  -386  -569
    29  -222  -563
    30   238  -557
    31  -536  -553
    32   551  -539
    33   433  -536
    34  -294  -529
    35    26  -523
    36   309  -522
    37   -53  -521
    38  -449  -520
    39   104  -514
    40   179  -493
    41  -592  -493
    42  -361  -486
    43  -202  -483
    44   492  -481
    45   375  -477
    46   604  -478
    47  -508  -465
    48   251  -461
    49  -272  -447
    50   -32  -440
    51    50  -439
    52  -422  -434
    53  -639  -428
    54   434  -424
    55   131  -422
    56   545  -422
    57   317  -418
    58   650  -413
    59  -182  -402
    60  -558  -402
    61  -336  -401
    62   206  -391
    63  -475  -375
    64   375  -367
    65   486  -364
    66  -252  -361
    67  -681  -358
    68   -11  -358
    69   590  -355
    70    69  -353
    71  -392  -346
    72   275  -346
    73   690  -342
    74  -601  -334
    75   147  -328
    76  -160  -320
    77  -521  -309
    78  -315  -307
    79   426  -306
    80   529  -297
    81   334  -290
    82   217  -288
    83  -715  -285
    84  -439  -284
    85   627  -284
    86  -228  -276
    87    10  -277
    88   721  -268
    89    88  -264
    90  -636  -261
    91  -367  -244
    92   467  -240
    93  -556  -238
    94  -140  -238
    95   276  -231
    96   158  -228
    97   563  -225
    98   382  -223
    99  -285  -218
   100  -477  -214
   101   656  -209
   102  -742  -208
   103   746  -191
   104  -201  -189
   105  -662  -186
   106   217  -174
   107  -406  -172
   108   497  -167
   109   320  -165
   110  -582  -162
   111   588  -150
   112  -326  -148
   113   417  -148
   114  -503  -140
   115   675  -132
   116  -759  -129
   117  -246  -123
   118   761  -112
   119  -679  -106
   120   257  -106
   121  -430   -93
   122   516   -92
   123   349   -89
   124  -599   -86
   125   602   -72
   126  -352   -70
   127   437   -69
   128  -519   -63
   129   686   -52
   130  -769   -48
   131  -272   -49
   132   769   -32
   133   276   -29
   134  -687   -27
   135   524   -13
   136  -440   -11
   137   359    -8
   138  -605    -5
   139   605     7
   140  -359    10
   141   442    12
   142  -523    15
   143   687    28
   144  -275    31
   145  -769    33
   146   273    49
   147   767    49
   148  -686    54
   149   520    65
   150  -435    71
   151  -600    74
   152   353    72
   153   600    86
   154  -347    90
   155  -515    93
   156   432    94
   157  -255   107
   158   679   107
   159  -762   114
   160   248   125
   161   759   129
   162  -675   133
   163   505   141
   164  -414   150
   165   328   149
   166  -586   152
   167   583   163
   168  -318   166
   169  -495   169
   170   408   172
   171  -214   174
   172   661   186
   173   204   190
   174  -744   193
   175   740   207
   176  -655   211
   177   478   214
   178   287   218
   179  -380   224
   180  -562   227
   181  -157   229
   182  -272   233
   183   142   239
   184   557   238
   185  -465   241
   186   369   244
   187   636   261
   188   -85   264
   189  -721   271
   190   231   276
   191    -7   278
   192   440   283
   193  -625   285
   194   715   284
   195  -214   288
   196  -332   291
   197  -527   299
   198  -423   307
   199   317   308
   200   521   309
   201   163   321
   202  -144   329
   203   600   333
   204  -688   345
   205   393   346
   206  -273   347
   207   -67   354
   208  -588   358
   209   680   357
   210    14   360
   211   254   361
   212  -483   365
   213  -373   368
   214   476   374
   215  -204   392
   216   337   400
   217   558   400
   218   184   402
   219  -649   414
   220  -314   419
   221  -542   423
   222  -128   423
   223  -431   425
   224   640   426
   225   423   433
   226   -48   439
   227    34   441
   228   275   446
   229  -248   461
   230   508   463
   231  -372   478
   232  -602   480
   233   204   482
   234  -490   484
   235   362   485
   236   591   491
   237  -176   493
   238  -101   514
   239   450   519
   240    56   521
   241  -306   523
   242   -23   523
   243   296   528
   244  -430   537
   245  -549   541
   246   536   550
   247  -235   558
   248   225   562
   249   387   568
   250  -365   583
   251  -160   584
   252  -488   595
   253   -82   599
   254    76   601
   255   475   604
   256    -3   606
   257   319   609
   258  -294   622
   259  -423   643
   260   245   642
   261   410   650
   262  -220   652
   263  -143   672
   264    96   681
   265  -353   684
   266   -64   685
   267    17   687
   268   339   689
   269  -281   716
   270   266   721
   271  -203   742
   272  -124   759
   273   117   760
   274    36   768
   275   -44   769